image_width: 640
image_height: 400
camera_name: narrow_stereo/right
camera_matrix:
  rows: 3
  cols: 3
  data: [425.97324, 0, 317.564012, 0, 426.972585, 204.995815, 0, 0, 1]
distortion_model: plumb_bob
distortion_coefficients:
  rows: 1
  cols: 5
  data: [0.001258, -0.013925, -0.00083, 0.000491, 0]
rectification_matrix:
  rows: 3
  cols: 3
  data: [0.999958, -0.001152, 0.009119, 0.001151, 0.999999, 0.00008, -0.009119, -0.00007, 0.999958]
projection_matrix:
  rows: 3
  cols: 4
  data: [433.503413, 0, 313.547012, -35.086776, 0, 433.503413, 206.254911, 0, 0, 0, 1, 0]
binning_x: 1
binning_y: 1
roi:
  x_offset: 0
  y_offset: 0
  height: 0
  width: 0
  do_rectify: True
