image_width: 640
image_height: 400
camera_name: narrow_stereo/left
camera_matrix:
  rows: 3
  cols: 3
  data: [425.613651, 0, 325.60234, 0, 426.931458, 207.702759, 0, 0, 1]
distortion_model: plumb_bob
distortion_coefficients:
  rows: 1
  cols: 5
  data: [0.004258, -0.013833, 0.000112, 0.00126, 0]
rectification_matrix:
  rows: 3
  cols: 3
  data: [0.999851, -0.00059, 0.01723, 0.000591, 1, -0.00007, -0.01723, 0.00008, 0.999852]
projection_matrix:
  rows: 3
  cols: 4
  data: [433.503413, 0, 313.547012, 0, 0, 433.503413, 206.254911, 0, 0, 0, 1, 0]
binning_x: 1
binning_y: 1
roi:
  x_offset: 0
  y_offset: 0
  height: 0
  width: 0
  do_rectify: True
